time,x,y,z,phi,theta,psi,x_velocity,y_velocity,z_velocity,phi_velocity,theta_velocity,psi_velocity,rotor_speed1,rotor_speed2,rotor_speed3,rotor_speed4
0.06,-8.821940395061095e-07,-4.858137073881207e-08,10.007978661724481,6.283163377108256,0.00039822563485714113,0.0,-6.301282526460302e-05,-3.4700446633927376e-06,0.2659308666553849,-0.0007310337575027475,0.013274536318261303,0.0,485.682995999631,486.6773306060384,487.26982789943594,487.21519061621734
0.12000000000000001,-1.630986163345011e-05,-2.278171781117745e-06,10.02918632103365,6.28244616655407,0.0007627657411228839,0.0,-0.0005087403544857954,-0.00012658392675781905,0.4409392308206046,-0.023176197959317083,-0.0011233211783468061,0.0,460.7506824427128,459.6110694780532,461.07036290939925,459.2940434167776
0.18,-6.28242071552173e-05,-3.102235870783014e-05,10.059406146083337,6.281163570935815,0.000650887466011163,0.0,-0.0010314324208550796,-0.0009709672185025767,0.5663337524561756,-0.019577155098850583,-0.002606006008790267,0.0,445.14520321265917,445.02391049711616,444.98556122342404,445.28002077766695
0.23999999999999996,-0.0001361727966947276,-0.0001298215100714645,10.094191639203416,6.280492393317388,0.00048170989628282257,0.0,-0.0013984771664088702,-0.002398801599532938,0.5931687497214994,-0.0027957073407656203,-0.003033258295310407,0.0,412.9310645045896,412.8934334603399,413.10422437012227,414.5811946393919
0.3,-0.00022842640964288512,-0.0003309633263349345,10.132787945647593,6.279806648849858,6.282973711904495,0.0,-0.0016232745029622392,-0.004358118679058551,0.6933187413926858,-0.020062554478475454,-0.02007701834238666,0.0,439.1936278609634,437.77803719950816,436.89041281008394,435.44867349841576
0.36000000000000004,-0.00031646666611766304,-0.0006704927211637946,10.178285546996685,6.278385163287567,6.281775884709848,0.0,-0.0011837159786948258,-0.007102779810971472,0.8231823491257734,-0.02731994949930891,-0.019850563496862907,0.0,447.3432853720763,447.36175375831203,446.5205592105216,445.9281658703995
0.4200000000000001,-0.00034869821578902693,-0.001215113483815642,10.23315246788489,6.276552798158754,6.280042014717274,0.0,0.0002864344275634269,-0.011252414640585748,1.0055707159666816,-0.03375840811683687,-0.037944013321423456,0.0,464.4501184594592,463.0289403815542,462.54048244289834,462.0329887615706
0.48000000000000015,-0.00025870277097931937,-0.0020354321252901535,10.296465141673979,6.274212974318949,6.278189863435555,0.0,0.0029162122204525326,-0.016318607079339846,1.1047582859487284,-0.04423459918986954,-0.023795652300813284,0.0,436.55498855157145,437.7333457686918,438.6526956018323,437.7812846265663
0.5400000000000001,4.4756065236285574e-05,-0.0032465299074910673,10.369645069112984,6.271738452691901,6.277072846000108,0.0,0.007345743990516932,-0.024356156841356176,1.3343293602948805,-0.03825019762211575,-0.01343864996280237,0.0,476.25289601877,477.04435827046575,478.0702804053183,478.5251612920912
0.6000000000000002,0.0006392783149332046,-0.004997360983975372,10.456578103380629,6.270283973406441,6.276191997594921,0.0,0.012573512859790088,-0.03421152996117506,1.5631507844429655,-0.010234440922862098,-0.015922930718891518,0.0,477.5885451467782,477.399170219693,476.99059306715384,479.1248680605169
0.6600000000000003,0.0015137190216592336,-0.007265142544880832,10.549335207458135,6.270589292445738,6.274676592508383,0.0,0.01668396846736625,-0.041381925006053005,1.5287985070901764,0.020412280151241635,-0.034589642094043895,0.0,396.13245245499155,394.4122083320776,392.35002132933226,395.1848909127403
0.7200000000000003,0.002711963177602649,-0.01002059057213101,10.645502298207168,6.272249985216231,6.272245078122722,0.0,0.023507922780798128,-0.05029861620741264,1.6765656051554256,0.034943298401087335,-0.04645951914794791,0.0,454.1118289367998,453.1580570882117,453.99526243899606,455.15968933722115
0.7800000000000004,0.0043750499745225215,-0.013269927572959797,10.750457607037982,6.274809252408714,6.269283847474096,0.0,0.03224130229533651,-0.057749053825183874,1.8217234008820327,0.05036380228001962,-0.052247300773445075,0.0,453.8044506286877,453.3382769810917,453.3100600806543,454.54823117883495
0.8400000000000004,0.006609950218309321,-0.01689810466217671,10.862846838954962,6.2772719482063835,6.2661558834704465,0.0,0.04257344980810955,-0.06291777077877549,1.924414084320249,0.03172855578934747,-0.052018204143383644,0.0,440.7613018214447,440.77844473549,442.04694240452403,440.5098844350232
0.9000000000000005,0.00952956800528786,-0.02078741350874836,10.981397211973494,6.279860531727099,6.263069301845711,0.0,0.05506121106684354,-0.06648337257359582,2.0270837809659015,0.05455493776445891,-0.05086803843256127,0.0,441.2402023163291,441.3334023360263,440.55084104722965,442.4349244270574
0.9600000000000005,0.013264637704013154,-0.024833866310102027,11.106215501157457,6.2827981100932355,6.259950449246251,0.0,0.06975576628349826,-0.06808421693878398,2.133327279604081,0.043366135975135785,-0.05309335126777626,0.0,443.3196675850625,443.1350672678409,443.05084535425624,442.1316825903522
1.0200000000000005,0.01788431235345732,-0.028916967386651,11.234788666914826,0.0024794698966434936,6.256825635130404,0.0,0.08451558126471441,-0.06776920729342517,2.1524016802552777,0.05218815688916187,-0.05106746052091772,0.0,415.55307336261455,415.72862007338625,414.08736996004683,414.86412118877803
1.0800000000000005,0.02350373705830863,-0.03292052979395994,11.36659504588994,0.0059822640099094215,6.253061801843366,0.0,0.10314798589203635,-0.06534471095002864,2.240963152734643,0.0645693880479429,-0.07438915996992063,0.0,438.7071652764797,436.7639775781636,437.44604128885555,438.4780100043103
1.1400000000000006,0.03044029054414516,-0.036681037933982336,11.507474939488064,0.009432288583990811,6.247534329848431,0.0,0.1286713154648327,-0.05958215053303478,2.454575918489414,0.050434171579259494,-0.10984932356895906,0.0,477.2206335268425,474.5006207550194,477.3801201328449,476.3026324230209
1.2000000000000006,0.03902909151917648,-0.04002065660665629,11.660666440998526,0.012468492910075568,6.2414622259848755,0.0,0.1583320826478376,-0.05139052166122032,2.651339030041377,0.05077258632903756,-0.09256052802978207,0.0,471.2806033620931,472.6062167133843,472.7444115977003,472.7719375411564
1.2600000000000007,0.04943011914771807,-0.04283090003354035,11.823139450444888,0.015033804879148072,6.235554759922074,0.0,0.1889585321733525,-0.04200498590188301,2.7641286819838093,0.0347400354935624,-0.10435098779988274,0.0,449.20112717890134,448.2361316952766,447.6846647155316,446.3794632717
1.3200000000000007,0.061795508658876466,-0.04502654745353171,11.99240127373349,0.017109608440793345,6.2298458726234465,0.0,0.22381975670836407,-0.03097188664269349,2.877614720542118,0.03445344414119843,-0.08595165198462593,0.0,449.4005983449597,450.88134846043147,447.3360444004461,447.31320384573013
1.3800000000000008,0.07624232251191176,-0.04655808221166937,12.166143916401849,0.018638950530695197,6.2252952392206,0.0,0.25817471888299476,-0.01992312792213538,2.913682683596448,0.01652593075053843,-0.0657416663789298,0.0,423.2597534806457,424.9901555142578,425.972831679224,424.43727894211764
1.4400000000000008,0.09313668930828223,-0.04730344325298987,12.347231156669578,0.01957121971258413,6.221374564264547,0.0,0.3054010620288047,-0.0048206196352981595,3.1219758718974275,0.01454974694739446,-0.06494767058635963,0.0,478.33348359776585,478.39110979797505,478.1555681236951,478.0048818002323
1.5000000000000009,0.11292692651788105,-0.047130171733101654,12.54031857643243,0.020613495490793277,6.2176686839465845,0.0,0.35467371467641395,0.010699108485068484,3.313695993203087,0.02019265637861395,-0.058582982691932996,0.0,474.09627074588917,474.58246163377936,474.52596613896173,474.9588429277668
1.560000000000001,0.13547300819104732,-0.04608882492719726,12.740596872487743,0.02253188521245786,6.214395971625063,0.0,0.3971671526366163,0.024167749790639192,3.3620714997705954,0.04375200495827111,-0.050508889730054386,0.0,430.72865734199866,431.40874313673703,430.9285022749628,432.9157663863365
1.620000000000001,0.16073695771022495,-0.044161580582205574,12.945335194966013,0.025930146354101957,6.212024710437607,0.0,0.44520507809558024,0.0403864946979902,3.462203465819094,0.06951909410139483,-0.02853599529924049,0.0,447.49221848251284,449.2763037889359,447.24158303100546,449.33722427608376
1.680000000000001,0.1888698456686982,-0.04120785647517582,13.155284700636772,0.029982242305056417,6.211052532885375,0.0,0.4926573034975007,0.058465748899551716,3.5358568791307587,0.06555167992574154,-0.003870894485586973,0.0,439.2145010920061,441.255447722226,441.344130338732,441.0200830448488
1.740000000000001,0.22024999258337707,-0.0369245763705269,13.374986314987298,0.03440078867405649,6.210962651169186,0.0,0.5533016992002433,0.08481411875267324,3.7866999128073635,0.08172937429085812,0.0008750068421160202,0.0,494.39850469171324,494.74811035334744,493.4401132190255,494.6362941019379
1.8000000000000012,0.25495006714816637,-0.031103071719783278,13.605320093001968,0.03840792733672771,6.210755876822159,0.0,0.6033485953372328,0.10966488941925998,3.8907129251935277,0.051849160514855525,-0.00776777559922605,0.0,453.5897704302956,452.8951518746373,453.02898350946094,450.6238057122708
1.8600000000000012,0.2925085361781191,-0.0237923371317761,13.839839250612405,0.04163757901115517,6.210313860455674,0.0,0.6486266302466723,0.13431595786375727,3.926440924319282,0.05580522290299808,-0.006966094555986835,0.0,431.03048928406236,431.0983519154363,432.1607909525743,432.49608627717237
1.9200000000000013,0.3326219450135651,-0.015039329631827423,14.074189473463784,0.04478705773456859,6.209769632997872,0.0,0.6885310056177727,0.15771725142533768,3.8853468437881578,0.04917854988134164,-0.011174845547655073,0.0,406.5197661083228,406.14253429312953,406.62534480876775,406.03341133990835
1.9800000000000013,0.375380676906316,-0.004682498452017158,14.309362953610204,0.04753026761028778,6.2090746832412265,0.0,0.7368016721348385,0.18777242576163242,3.9535002191575424,0.042262778321538075,-0.011990143137043491,0.0,442.63541426502877,442.5684328108305,442.0718049107188,441.5028660867559
2.0400000000000014,0.42098988683275,0.007492506844440871,14.547834045225738,0.049977105348371076,6.208064619846969,0.0,0.7835712036594259,0.21828408441337133,3.995354270499057,0.039298843536238075,-0.02167844887402254,0.0,435.37692013519745,434.56559369429255,433.86571705218773,433.61772604924886
2.1000000000000014,0.46967341500828463,0.02171095286085291,14.79211089947887,0.05265509143266556,6.206974238528476,0.0,0.8392900643652955,0.25591666241972405,4.1466211455627215,0.04996600752482182,-0.014667829708906222,0.0,468.9160575606958,469.460443681953,467.888148185076,468.7188611571822
2.1600000000000015,0.5214430130427101,0.038055178208176575,15.041806093027246,0.05627435046626328,6.205133554908329,0.0,0.8864844077714908,0.2891954825936263,4.176392773570695,0.07067213825240713,-0.04668637957531421,0.0,433.04775874371524,430.34553909398625,431.6656554087869,433.4119625363507
2.2200000000000015,0.5764412965429105,0.056726361315707394,15.297839472165222,0.060346103481855984,6.202404090268498,0.0,0.9470421783051015,0.3336051231214499,4.357291889046043,0.06505424760095607,-0.044296105297612104,0.0,478.2903641629463,478.471316107131,479.97449112484793,479.55111149061725
2.2800000000000016,0.634751796045703,0.0778681135689966,15.56003355121322,0.0640705597946738,6.199872638825482,0.0,0.9968564368429845,0.3714543348185778,4.382343033305761,0.05909554268749061,-0.04008615287399321,0.0,433.164877029591,433.51773989662695,432.10323032603236,431.60357230233706
2.3400000000000016,0.6960681792444288,0.10132865072673367,15.823394234721833,0.06880057237482529,6.1971890645503365,0.0,1.0472378431488556,0.4109427849721764,4.3962142692396995,0.09856184414402448,-0.049365112313366245,0.0,429.8086891745423,429.02036213743804,427.5436195778464,430.8977689475027
2.4000000000000017,0.7606450498879921,0.1274018006340439,16.08974591018437,0.07490150767355708,6.193746094338746,0.0,1.1056105206624578,0.4587358126439591,4.481725815233064,0.10480043998366614,-0.0653977609277601,0.0,453.1929134486857,451.90030407431857,452.19645988068555,452.7073339065987
2.4600000000000017,0.8290232710769979,0.15665926315860715,16.36374499898369,0.08113122901119763,6.190455954425364,0.0,1.173980639494278,0.5171542278910718,4.6507542027339595,0.10285765505922521,-0.044277527234437904,0.0,477.8192323210458,479.4246609352706,478.8585105564915,478.71928868852564
2.520000000000002,0.9013004056412409,0.1893228931519803,16.644974612414696,0.0867340399757266,6.188131435684372,0.0,1.235450657735137,0.5721682817864876,4.72314500601179,0.08390916329998475,-0.03320774524109885,0.0,450.49003718643417,451.38352613894045,451.949844612358,450.4276826109353
2.580000000000002,0.9768154570684553,0.22494609555601483,16.92542377315168,0.09221749943983149,6.186865764718831,0.0,1.28184757595759,0.6156892917093723,4.625479238557489,0.09886812442964982,-0.008982763889016995,0.0,394.43516918185975,396.6662093713499,394.28021425328615,395.66773469634586
2.640000000000002,1.055401948491001,0.2635287909226145,17.202837670412546,0.09881279197271908,6.1863143005735335,0.0,1.3377286258829497,0.6709471980181001,4.621561170094664,0.12096654889855378,-0.009399376133935732,0.0,427.01519199092513,426.9797649186321,425.5630361163618,427.4610858335547
2.700000000000002,1.1375532797580181,0.305754287610525,17.482093750830575,0.10541967440242583,6.184829904069204,0.0,1.400713352897501,0.7371931903262842,4.686567204826549,0.09927173626951401,-0.04007941026718846,0.0,450.64368599480713,448.1565313343591,449.89531950862045,448.1465232811181
2.760000000000002,1.223540135075535,0.35210671761748874,17.7654803541918,0.11181626302453296,6.181880429065281,0.0,1.4657336054184065,0.8084529648115717,4.759181262927135,0.11394244494431413,-0.058233871984960925,0.0,454.0217269975819,452.56140643555256,451.0688889410677,452.2615142816631
2.820000000000002,1.3135020436105023,0.40287852331593704,18.053349874029188,0.11816414342696202,6.178347235881677,0.0,1.5332869739155766,0.8845269327770386,4.835946631483527,0.09765988348536811,-0.0595389861548478,0.0,455.28484774784664,455.1780908069259,455.0036760430081,453.70820117169364
2.880000000000002,1.4076382403621965,0.45839722821800316,18.346301928536036,0.12431969173181123,6.174756189952385,0.0,1.6048797957685277,0.9666377083724023,4.928510591876361,0.10752153669522081,-0.06016242397716297,0.0,459.99714077396,459.9453795315936,461.191690331623,461.97844370076115
2.940000000000002,1.5061776780888814,0.519009839109026,18.645122346633553,0.1302952483122315,6.1712044717999,0.0,1.6800554599757995,1.0543279708709201,5.031484511920229,0.09166942318497943,-0.05822855414443061,0.0,464.8011072038972,464.95034304548886,466.2343346946689,465.00256726139503
3.000000000000002,1.6092047728426937,0.5848966983677435,18.949285572535516,0.1365092532076595,6.167908425252065,0.0,1.7544416989911957,1.142415257593236,5.106718709816394,0.11545569644960627,-0.051640845855930255,0.0,458.1645626492103,458.6860765419748,456.8617445918814,458.76290318206765
3.0600000000000023,1.7164115075023134,0.6557877464958691,19.255005621150918,0.14364528157103607,6.164676185046908,0.0,1.8193622320591734,1.221198449116568,5.083827807978041,0.12240895280061775,-0.05609973675295254,0.0,427.30549543090694,426.92317018828817,428.2254873591809,428.82966780240895
3.1200000000000023,1.8279941265720898,0.7320427206742506,19.562884467594564,0.15003582690452788,6.161758790629392,0.0,1.9002777884578714,1.3212131651875392,5.178091262627747,0.09062194292466674,-0.04114912666177236,0.0,465.2699739549588,466.4376397493064,466.40688698458484,463.9278549343049
3.1800000000000024,1.9437841119665826,0.8135598620147805,19.8707335758518,0.15589577792731468,6.158449879807204,0.0,1.9596262300236424,1.3964758520463332,5.083776619262392,0.10470499100620188,-0.06914339928250139,0.0,405.9263100246442,403.40386917912673,405.0233801465922,406.2969438706523
3.2400000000000024,2.063726489284705,0.9003500528028344,20.177157218255992,0.16151924322354283,6.154157404151615,0.0,2.0387846660991125,1.4969982407977014,5.129839176588126,0.0827513980886741,-0.07393798050070974,0.0,450.9839334180335,450.5926802176536,453.24161335566316,451.4814646201597
3.3000000000000025,2.188770574960712,0.9936105133217229,20.48839228351912,0.16670427842889524,6.1500974592350985,0.0,2.1296708233265074,1.6120705836977725,5.243805472992186,0.09008095436000835,-0.061396436173751366,0.0,473.09451011433265,474.05595378700184,473.43942756984904,474.0085917754767
3.3600000000000025,2.3188177873797082,1.093227422778073,20.802573657757435,0.17273770389833842,6.147432244347906,0.0,2.205449996389784,1.7089471387957202,5.228700462822248,0.11102603243724503,-0.027449399081046228,0.0,433.1068875708668,435.9514974236841,433.95722109186266,435.7204641445289
3.4200000000000026,2.453485679644431,1.1988086777015674,21.116106013254875,0.17974388458089408,6.14539352939061,0.0,2.2835889710673243,1.810973176736558,5.222113985930723,0.12250857069684021,-0.040506661881545246,0.0,438.8240031722211,437.73817633732926,437.1345809202157,438.102563499343
3.4800000000000026,2.5929120925010323,1.3106824307670186,21.429508618416897,0.1862400495038914,6.143860107210763,0.0,2.364052896428626,1.9186820999325256,5.224317778888825,0.09404182604011681,-0.01060978638819195,0.0,439.3559309752356,441.827796711309,443.42966951733064,441.09606360984714
3.5400000000000027,2.7376213435584646,1.4297090976267857,21.746115448721035,0.19127430629364994,6.143904557565062,0.0,2.459458229383308,2.0492465789288814,5.3284384724050495,0.07377285737553557,0.012092064251948025,0.0,473.0610094003973,474.80621728357534,475.1171500000257,473.56615611127506
3.6000000000000028,2.887363901437412,1.5557427681842866,22.064208329373333,0.19628593894502355,6.143844567731213,0.0,2.531905800124659,2.152243084778308,5.274690683016598,0.09327615127753648,-0.014092272294075515,0.0,426.81705576726273,424.5759526942061,423.795436979615,425.4744119451425
3.660000000000003,3.0416283215175564,1.6882855384522002,22.380327725410037,0.2019544923501524,6.143424206843326,0.0,2.610220030371261,2.266266935230687,5.262392457012731,0.09567483408789819,8.030546289269219e-05,0.0,438.46546584676236,439.6416613892213,438.86286878591,439.06957972252604
3.720000000000003,3.2003236007456564,1.8273846799327387,22.693863324747543,0.20792500694646865,6.143546438402762,0.0,2.6795859220457974,2.3708185437265348,5.188889217171588,0.10333964292422847,0.0039942160750701654,0.0,418.9759716521283,419.3161652279302,418.2846419731686,418.9606849403523
3.780000000000003,3.363287108821694,1.9730201507067533,23.003804000572217,0.21513856811687582,6.143400302239977,0.0,2.752478617676923,2.4842130317631295,5.1423810103824525,0.1370984362983131,-0.008865836675205555,0.0,428.6176467807874,427.52308891192246,426.35096369329995,429.23851103080864
3.840000000000003,3.5301293572461416,2.1248291823830963,23.307548208334723,0.22383933218226293,6.1430115988034935,0.0,2.808984182403115,2.5767163257282886,4.982887135813682,0.15291870848612701,-0.004090899769525187,0.0,387.02806294831845,387.4774305193952,388.0780019049432,389.5825523359998
3.900000000000003,3.701095358787789,2.283469818526897,23.606824198631223,0.23343127523367713,6.143758471112724,0.0,2.8897390095607864,2.712031039389546,4.992503224763188,0.16680463269717893,0.02898702176657158,0.0,445.20981658890497,447.90853145456384,444.782945423473,445.94239179620496
3.960000000000003,3.87681839716893,2.45030327505822,23.906251445067927,0.24440455326128152,6.145441484592219,0.0,2.9674399570041716,2.8499079085925842,4.987975985836666,0.19895001324000341,0.027113560276893517,0.0,441.64774663264467,441.493390709741,441.8458039941639,444.519046280928
4.020000000000002,4.057970983961767,2.6270286870339805,24.21105219727716,0.2558795430939762,6.146789039059691,0.0,3.070562098446471,3.0419096875603646,5.170498578956534,0.1835607749386497,0.0178053839901768,0.0,501.29739039010815,500.62045159382797,502.09145660663324,501.00555071901175
4.080000000000001,4.244021535685393,2.8132082298288816,24.517950571865583,0.2667206754231799,6.14694899064888,0.0,3.1310615300851414,3.164863688189735,5.059531663684179,0.1778142143759185,-0.01247390620043961,0.0,411.8881567273351,409.20084072857577,410.1899369384295,409.7141566273953
4.14,4.43374479687294,3.0070098454044447,24.8185272861421,0.27672503587795205,6.145672615167403,0.0,3.1930963928612863,3.29591148060163,4.959671275068685,0.15567854433140288,-0.030071363451788784,0.0,414.11840398084274,412.567221328089,415.746553438152,413.83230612626403
4.199999999999998,4.6278983991439855,3.210189115028232,25.11791893795009,0.28639967133480315,6.144389387783676,0.0,3.2786774372989114,3.477369718921116,5.019096241017272,0.16680275526573346,-0.012703803471328053,0.0,466.46646174025625,467.82093519484766,467.21127859099886,468.10068052607784
4.259999999999997,4.826674654511213,3.423366081789388,25.41723267406493,0.29696393425239087,6.143243607518746,0.0,3.347208325457116,3.629237024334491,4.957728912509411,0.18532739139902452,-0.025488533497733872,0.0,429.8929558032263,428.80808367277314,429.2751723152523,430.87442724250144
4.319999999999996,5.029828207530851,3.646343283140752,25.714553988505447,0.3080119625704043,6.141528598991634,0.0,3.424605281171299,3.8040745454801566,4.952276827547429,0.1829418648384698,-0.03167800196992431,0.0,450.05529348250093,449.5537600150439,448.97293489029005,448.811951189976
4.379999999999995,5.2370200832135945,3.878648577231606,26.00731904696734,0.3188089151057021,6.139513852289602,0.0,3.4819167992847193,3.9401538196682515,4.806668529244282,0.17696061096271806,-0.03547987267297108,0.0,400.7924526126071,400.44612113304146,403.56248541375663,403.0574379855188
4.439999999999993,5.448509973867003,4.121068802544543,26.296813427718735,0.3284537853567979,6.13701338373026,0.0,3.56781329703856,4.1410941953971685,4.84215099498013,0.14455502323813246,-0.047867667417369704,0.0,465.1537767340619,464.1817290214186,465.1120513878328,462.59186799153105
4.499999999999992,5.664221518190066,4.373562265421693,26.582155101769633,0.33606146769729683,6.133978820497038,0.0,3.622779228267439,4.27586471261326,4.669538970598348,0.10905170323587043,-0.053283582375215584,0.0,394.01991304322127,393.51686427569035,395.3008642647221,392.0335529314065
4.559999999999991,5.884522234452063,4.636970330039447,26.864994861254683,0.3437738186078656,6.13003036365286,0.0,3.7207517353194204,4.504618961134493,4.757169698548385,0.14800953111508763,-0.07832663502811807,0.0,483.59923586709283,481.7063780513536,480.76676881794356,483.72236561935426
4.6199999999999894,6.110088327270903,4.91272614257855,27.148839686836148,0.35298302360281486,6.125508139801024,0.0,3.7984036339277876,4.687694832184491,4.7037622054850825,0.15895783710576525,-0.07241570524363106,0.0,438.7969667671183,439.2828278511417,438.8610116200842,439.79098075215654
4.679999999999988,6.340922804917578,5.200762280094181,27.43260700910322,0.36302653552452213,6.120492832079956,0.0,3.896348943409705,4.913920204863109,4.753841522296697,0.17581562777273047,-0.09475512086736647,0.0,475.5666234577861,473.84731417557197,474.35721946769974,475.6741989111734
4.739999999999987,6.5769991707925906,5.50095350051674,27.715170297435535,0.3739823950019332,6.115251163993028,0.0,3.973205786444019,5.093005030165933,4.664432182106943,0.1893705454049635,-0.07997181041790982,0.0,430.82075059612134,432.06222095963204,429.83477091937897,431.01483633018364
4.799999999999986,6.818251137838644,5.813080217942865,27.99499364044455,0.38480999860910714,6.110312364984196,0.0,4.068790125050049,5.311691143544673,4.6618880344333435,0.17156176945702128,-0.08465351063953273,0.0,462.7483863252689,462.3745190865136,462.0551815381512,460.6800279938583
4.859999999999984,7.065002831545987,6.137790985842969,28.272906708805905,0.3950107678954087,6.104754160681356,0.0,4.156584499932558,5.512418277995729,4.601128259624446,0.16846583845793534,-0.10061493837580097,0.0,446.0638500792536,444.75136005917506,444.11699808564634,443.89085287097254
4.919999999999983,7.317878867239287,6.476301888322849,28.551016950826686,0.4054379239628014,6.098187393307711,0.0,4.272984382164677,5.771506341060966,4.667485258482959,0.17909925091125165,-0.11827063971610918,0.0,489.5400867708827,488.21540166612033,488.05799153662326,488.87664311422526
4.979999999999982,7.577340521395746,6.829398357775158,28.830425729877856,0.41587917365144556,6.091233442730729,0.0,4.376162027745668,5.99866851755527,4.644940481430897,0.16894904298883512,-0.11352970338673218,0.0,462.9305568756992,463.2919708358352,464.1052157906482,463.3360008836251
5.0399999999999805,7.842477080466488,7.194937891866805,29.105449837344477,0.42526900861271066,6.085287786520066,0.0,4.462097942443052,6.186318906273731,4.522087916731181,0.14406029627959224,-0.08466954696704707,0.0,430.20390116579915,432.6316422852896,431.56470308487724,429.48369501256724
